6 157 307 597 407 514 263 431 247 439 731 1060 0
23 57 207 738 255 593 449 310 132 574 995 1290 3
27 386 583 926 264 911 427 306 460 376 2130 999 4
31 1262 1288 1340 266 1140 705 585 840 386 5080 1920 8
7 2017 2151 1400 593 1230 626 689 552 756 3850 2050 8
6 120 367 597 407 514 263 431 247 439 731 1060 0
23 70 240 738 255 593 449 310 132 574 995 1290 3
27 327 395 926 264 911 427 306 460 376 2130 999 4
31 648 869 1340 266 1140 705 585 840 386 5080 1920 8
7 1249 1713 1400 593 1230 626 689 552 756 3850 2050 8
6 37 72 597 407 514 263 431 247 439 731 1060 0
23 50 104 738 255 593 449 310 132 574 995 1290 3
27 67 80 926 264 911 427 306 460 376 2130 999 4
31 114 191 1340 266 1140 705 585 840 386 5080 1920 8
7 527 487 1400 593 1230 626 689 552 756 3850 2050 8
6 168 46 597 407 514 263 431 247 439 731 1060 0
23 60 58 738 255 593 449 310 132 574 995 1290 3
27 537 317 926 264 911 427 306 460 376 2130 999 4
31 698 779 1340 266 1140 705 585 840 386 5080 1920 8
7 954 549 1400 593 1230 626 689 552 756 3850 2050 8
6 198 171 597 407 514 263 431 247 439 731 1060 0
23 53 123 738 255 593 449 310 132 574 995 1290 3
27 1634 1192 926 264 911 427 306 460 376 2130 999 4
31 2809 3686 1340 266 1140 705 585 840 386 5080 1920 8
7 2707 2710 1400 593 1230 626 689 552 756 3850 2050 8
6 155 279 597 407 514 263 431 247 439 731 1060 0
23 86 200 738 255 593 449 310 132 574 995 1290 3
27 1164 1584 926 264 911 427 306 460 376 2130 999 4
31 4454 3578 1340 266 1140 705 585 840 386 5080 1920 8
7 3476 3727 1400 593 1230 626 689 552 756 3850 2050 8
6 134 655 597 407 514 263 431 247 439 731 1060 0
23 82 483 738 255 593 449 310 132 574 995 1290 3
27 1407 1911 926 264 911 427 306 460 376 2130 999 4
31 5337 2896 1340 266 1140 705 585 840 386 5080 1920 8
7 3805 4618 1400 593 1230 626 689 552 756 3850 2050 8
6 94 443 597 407 514 263 431 247 439 731 1060 0
23 69 344 738 255 593 449 310 132 574 995 1290 3
27 429 641 926 264 911 427 306 460 376 2130 999 4
31 1607 1023 1340 266 1140 705 585 840 386 5080 1920 8
7 1739 2041 1400 593 1230 626 689 552 756 3850 2050 8
6 19 78 597 407 514 263 431 247 439 731 1060 0
23 83 99 738 255 593 449 310 132 574 995 1290 3
27 125 73 926 264 911 427 306 460 376 2130 999 4
31 139 127 1340 266 1140 705 585 840 386 5080 1920 8
7 337 371 1400 593 1230 626 689 552 756 3850 2050 8
6 114 37 597 407 514 263 431 247 439 731 1060 0
23 34 41 738 255 593 449 310 132 574 995 1290 3
27 702 397 926 264 911 427 306 460 376 2130 999 4
31 848 1082 1340 266 1140 705 585 840 386 5080 1920 8
7 973 664 1400 593 1230 626 689 552 756 3850 2050 8
6 241 144 597 407 514 263 431 247 439 731 1060 0
23 62 120 738 255 593 449 310 132 574 995 1290 3
27 2127 1479 926 264 911 427 306 460 376 2130 999 4
31 3520 4557 1340 266 1140 705 585 840 386 5080 1920 8
7 3337 3276 1400 593 1230 626 689 552 756 3850 2050 8
6 140 308 597 407 514 263 431 247 439 731 1060 0
23 81 221 738 255 593 449 310 132 574 995 1290 3
27 1233 1613 926 264 911 427 306 460 376 2130 999 4
31 4343 3492 1340 266 1140 705 585 840 386 5080 1920 8
7 3727 3787 1400 593 1230 626 689 552 756 3850 2050 8
6 152 609 597 407 514 263 431 247 439 731 1060 0
23 85 485 738 255 593 449 310 132 574 995 1290 3
27 1500 2215 926 264 911 427 306 460 376 2130 999 4
31 5891 3306 1340 266 1140 705 585 840 386 5080 1920 8
7 4041 4744 1400 593 1230 626 689 552 756 3850 2050 8
6 98 515 597 407 514 263 431 247 439 731 1060 0
23 73 367 738 255 593 449 310 132 574 995 1290 3
27 578 710 926 264 911 427 306 460 376 2130 999 4
31 1964 1241 1340 266 1140 705 585 840 386 5080 1920 8
7 2063 2491 1400 593 1230 626 689 552 756 3850 2050 8
6 29 88 597 407 514 263 431 247 439 731 1060 0
23 30 82 738 255 593 449 310 132 574 995 1290 3
27 63 81 926 264 911 427 306 460 376 2130 999 4
31 169 158 1340 266 1140 705 585 840 386 5080 1920 8
7 409 405 1400 593 1230 626 689 552 756 3850 2050 8
6 122 44 597 407 514 263 431 247 439 731 1060 0
23 37 51 738 255 593 449 310 132 574 995 1290 3
27 742 433 926 264 911 427 306 460 376 2130 999 4
31 870 1109 1340 266 1140 705 585 840 386 5080 1920 8
7 1013 598 1400 593 1230 626 689 552 756 3850 2050 8
6 247 152 597 407 514 263 431 247 439 731 1060 0
23 80 143 738 255 593 449 310 132 574 995 1290 3
27 2045 1468 926 264 911 427 306 460 376 2130 999 4
31 3565 4545 1340 266 1140 705 585 840 386 5080 1920 8
7 3421 3306 1400 593 1230 626 689 552 756 3850 2050 8
6 174 320 597 407 514 263 431 247 439 731 1060 0
23 78 213 738 255 593 449 310 132 574 995 1290 3
27 1301 1631 926 264 911 427 306 460 376 2130 999 4
31 4654 3736 1340 266 1140 705 585 840 386 5080 1920 8
7 3877 3966 1400 593 1230 626 689 552 756 3850 2050 8
6 153 662 597 407 514 263 431 247 439 731 1060 0
23 108 563 738 255 593 449 310 132 574 995 1290 3
27 1551 2321 926 264 911 427 306 460 376 2130 999 4
31 5552 3043 1340 266 1140 705 585 840 386 5080 1920 8
7 3811 4509 1400 593 1230 626 689 552 756 3850 2050 8
6 134 593 597 407 514 263 431 247 439 731 1060 0
23 116 458 738 255 593 449 310 132 574 995 1290 3
27 682 787 926 264 911 427 306 460 376 2130 999 4
31 1846 1147 1340 266 1140 705 585 840 386 5080 1920 8
7 2151 2380 1400 593 1230 626 689 552 756 3850 2050 8
6 55 109 597 407 514 263 431 247 439 731 1060 0
23 46 118 738 255 593 449 310 132 574 995 1290 3
27 111 107 926 264 911 427 306 460 376 2130 999 4
31 207 258 1340 266 1140 705 585 840 386 5080 1920 8
7 555 531 1400 593 1230 626 689 552 756 3850 2050 8
6 107 40 597 407 514 263 431 247 439 731 1060 0
23 36 35 738 255 593 449 310 132 574 995 1290 3
27 705 403 926 264 911 427 306 460 376 2130 999 4
31 887 1060 1340 266 1140 705 585 840 386 5080 1920 8
7 1021 611 1400 593 1230 626 689 552 756 3850 2050 8
6 253 196 597 407 514 263 431 247 439 731 1060 0
23 62 118 738 255 593 449 310 132 574 995 1290 3
27 1995 1409 926 264 911 427 306 460 376 2130 999 4
31 3679 4394 1340 266 1140 705 585 840 386 5080 1920 8
7 3380 3110 1400 593 1230 626 689 552 756 3850 2050 8
6 192 344 597 407 514 263 431 247 439 731 1060 0
23 79 243 738 255 593 449 310 132 574 995 1290 3
27 1405 1651 926 264 911 427 306 460 376 2130 999 4
31 4808 3575 1340 266 1140 705 585 840 386 5080 1920 8
7 3706 3778 1400 593 1230 626 689 552 756 3850 2050 8
6 160 710 597 407 514 263 431 247 439 731 1060 0
23 97 538 738 255 593 449 310 132 574 995 1290 3
27 1702 2331 926 264 911 427 306 460 376 2130 999 4
31 5126 3176 1340 266 1140 705 585 840 386 5080 1920 8
7 3986 4311 1400 593 1230 626 689 552 756 3850 2050 8
6 171 684 597 407 514 263 431 247 439 731 1060 0
23 115 517 738 255 593 449 310 132 574 995 1290 3
27 689 883 926 264 911 427 306 460 376 2130 999 4
31 2108 1227 1340 266 1140 705 585 840 386 5080 1920 8
7 2631 2714 1400 593 1230 626 689 552 756 3850 2050 8
6 68 147 597 407 514 263 431 247 439 731 1060 0
23 63 184 738 255 593 449 310 132 574 995 1290 3
27 150 121 926 264 911 427 306 460 376 2130 999 4
31 222 274 1340 266 1140 705 585 840 386 5080 1920 8
7 1064 772 1400 593 1230 626 689 552 756 3850 2050 8
6 111 40 597 407 514 263 431 247 439 731 1060 0
23 41 52 738 255 593 449 310 132 574 995 1290 3
27 610 353 926 264 911 427 306 460 376 2130 999 4
31 772 868 1340 266 1140 705 585 840 386 5080 1920 8
7 981 605 1400 593 1230 626 689 552 756 3850 2050 8
6 259 207 597 407 514 263 431 247 439 731 1060 0
23 65 130 738 255 593 449 310 132 574 995 1290 3
27 1730 1181 926 264 911 427 306 460 376 2130 999 4
31 3103 3443 1340 266 1140 705 585 840 386 5080 1920 8
7 3134 2921 1400 593 1230 626 689 552 756 3850 2050 8
6 181 386 597 407 514 263 431 247 439 731 1060 0
23 72 265 738 255 593 449 310 132 574 995 1290 3
27 1269 1569 926 264 911 427 306 460 376 2130 999 4
31 4279 3076 1340 266 1140 705 585 840 386 5080 1920 8
7 3913 3700 1400 593 1230 626 689 552 756 3850 2050 8
6 257 854 597 407 514 263 431 247 439 731 1060 0
23 110 619 738 255 593 449 310 132 574 995 1290 3
27 1455 2017 926 264 911 427 306 460 376 2130 999 4
31 4785 2897 1340 266 1140 705 585 840 386 5080 1920 8
7 4228 4327 1400 593 1230 626 689 552 756 3850 2050 8
6 275 594 597 407 514 263 431 247 439 731 1060 0
23 142 421 738 255 593 449 310 132 574 995 1290 3
27 714 811 926 264 911 427 306 460 376 2130 999 4
31 1956 1301 1340 266 1140 705 585 840 386 5080 1920 8
7 3082 2979 1400 593 1230 626 689 552 756 3850 2050 8
6 214 407 597 407 514 263 431 247 439 731 1060 0
23 163 365 738 255 593 449 310 132 574 995 1290 3
27 313 322 926 264 911 427 306 460 376 2130 999 4
31 251 419 1340 266 1140 705 585 840 386 5080 1920 8
7 2596 1693 1400 593 1230 626 689 552 756 3850 2050 8
6 43 59 597 407 514 263 431 247 439 731 1060 0
23 34 67 738 255 593 449 310 132 574 995 1290 3
27 53 108 926 264 911 427 306 460 376 2130 999 4
31 183 133 1340 266 1140 705 585 840 386 5080 1920 8
7 520 296 1400 593 1230 626 689 552 756 3850 2050 8
6 157 176 597 407 514 263 431 247 439 731 1060 0
23 43 95 738 255 593 449 310 132 574 995 1290 3
27 471 343 926 264 911 427 306 460 376 2130 999 4
31 1007 815 1340 266 1140 705 585 840 386 5080 1920 8
7 1531 1300 1400 593 1230 626 689 552 756 3850 2050 8
6 220 362 597 407 514 263 431 247 439 731 1060 0
23 66 160 738 255 593 449 310 132 574 995 1290 3
27 637 605 926 264 911 427 306 460 376 2130 999 4
31 1839 1671 1340 266 1140 705 585 840 386 5080 1920 8
7 3243 2858 1400 593 1230 626 689 552 756 3850 2050 8
6 243 556 597 407 514 263 431 247 439 731 1060 0
23 85 331 738 255 593 449 310 132 574 995 1290 3
27 578 856 926 264 911 427 306 460 376 2130 999 4
31 2214 1890 1340 266 1140 705 585 840 386 5080 1920 8
7 3509 3285 1400 593 1230 626 689 552 756 3850 2050 8
6 279 449 597 407 514 263 431 247 439 731 1060 0
23 117 315 738 255 593 449 310 132 574 995 1290 3
27 544 535 926 264 911 427 306 460 376 2130 999 4
31 1566 1205 1340 266 1140 705 585 840 386 5080 1920 8
7 2687 2553 1400 593 1230 626 689 552 756 3850 2050 8
6 236 404 597 407 514 263 431 247 439 731 1060 0
23 168 380 738 255 593 449 310 132 574 995 1290 3
27 252 286 926 264 911 427 306 460 376 2130 999 4
31 364 500 1340 266 1140 705 585 840 386 5080 1920 8
7 2576 1775 1400 593 1230 626 689 552 756 3850 2050 8
6 67 88 597 407 514 263 431 247 439 731 1060 0
23 57 113 738 255 593 449 310 132 574 995 1290 3
27 52 138 926 264 911 427 306 460 376 2130 999 4
31 234 162 1340 266 1140 705 585 840 386 5080 1920 8
7 799 371 1400 593 1230 626 689 552 756 3850 2050 8
6 119 141 597 407 514 263 431 247 439 731 1060 0
23 34 80 738 255 593 449 310 132 574 995 1290 3
27 295 369 926 264 911 427 306 460 376 2130 999 4
31 887 619 1340 266 1140 705 585 840 386 5080 1920 8
7 1418 1048 1400 593 1230 626 689 552 756 3850 2050 8
6 143 289 597 407 514 263 431 247 439 731 1060 0
23 46 147 738 255 593 449 310 132 574 995 1290 3
27 400 502 926 264 911 427 306 460 376 2130 999 4
31 1116 1195 1340 266 1140 705 585 840 386 5080 1920 8
7 2261 1912 1400 593 1230 626 689 552 756 3850 2050 8
